10007
81507
130967
146899
230561
278998
374795
413921
513736
536905
553059
583912
673394
739916
781979
794802
809011
827669
880697
923893
966453
1035084
1039184
1098300
1134253
1154313
1247672
1258750
1325044
1394223
1470621
1498661
1573154
1625738
1628337
1723864
1822446
1903705
1985439
2040228
2134502
2231074
2244759
2275597
2372778
2446584
2542641
2598241
2686629
2715853
2793350
2819083
2841474
2884213
2953266
3037237
3082149
3113936
3156854
3159035
3253010
3347639
3395120
3406483
3446323
3531904
3574994
3605943
3644614
3648954
3683386
3740765
3753645
3824632
3895530
3902928
3982817
4059017
4151462
4237287
4300452
4358599
4419943
4506075
4510349
4597615
4664890
4686985
4749694
4777335
4828783
4870505
4938678
4972611
5070164
5076242
5165794
5263386
5347048
5408980
5419428
5436807
5467876
5469735
5517915
5581581
5627883
5668651
5702938
5750835
5779293
5875210
5953688
6035524
6064032
6164001
6220510
6281426
6326640
6416120
6505642
6587836
6653670
6701167
6768833
6775342
6855330
6899533
6899852
6954710
6985893
7039234
7122909
7167334
7257495
7293913
7355457
7361715
7453410
7470668
7564707
7570410
7597210
7652413
7709978
7796123
7858832
7870314
7914424
7937925
7943031
7954151
8020112
8088708
8170634
8220678
8245321
8322334
8406290
8502544
8549022
8588350
8642928
8676491
8714497
8797531
8870812
8920573
8980200
8986512
9065031
9142819
9154852
9162323
9173155
9257650
9338480
9358259
9403543
9455232
9465108
9508090
9579236
9609468
9658279
9674886
9762946
9827284
9866814
9955590
10031770
10062348
10135238
10230594
10279065
10280531
10300999
10338842
10398606
10469750
10486939
10532236
10610558
10617983
10660109
10734475
10771005
10824644
10894624
10911628
10948340
11017798
11084805
11124823
11187659
11228292
11253372
11317743
11350976
11424245
11451569
11512945
11573544
11659893
11751771
11812193
11838433
11857698
11887665
11964816
12014064
12082881
12141886
12198422
12241197
12295782
12373465
12425571
12518619
12587549
12659256
12740140
12816210
12828820
12837750
12887502
12914236
12995518
13021820
13121095
13170511
13258380
13306185
13360504
13447234
13545000
13595607
13662125
13682947
13740014
13765813
13770374
13823447
13853610
13915400
13964851
14052353
14148851
14172114
14214946
14302691
14311424
14385634
14457792
14514410
14601988
14629215
14678071
14776418
14851639
14873888
14880320
14935606
15003302
15058078
15113457
15189383
15254958
15351466
15412866
15441095
15485198
15487214
15540483
15591154
15648549
15660006
15672743
15720778
15726127
15790356
15833581
15842258
15921749
15940924
15942203
15970504
16029174
16089783
16139292
16176846
16256695
16278453
16319452
16328874
16408956
16475881
16528500
16575742
16618306
16620531
16708180
16710551
16774685
16814857
16864224
16898160
16917630
16975902
17062460
17098192
17176781
17215529
17224507
17275711
17336734
17417659
17503179
17509095
17560423
17564622
17628844
17633698
17683601
17719307
17725515
17799856
17817058
17891265
17926878
17971756
18029688
18036433
18127940
18217709
18283794
18306768
18365095
18427709
18478172
18525158
18573735
18670201
18745745
18807475
18905108
18998776
19014768
19069377
19162931
19210847
19253232
19277022
19303412
19344259
19440571
19507991
19520578
19593646
19691755
19701155
19755193
19844526
19863623
19950587
20049120
20114798
20194926
20198454
20287530
20325998
20366706
20414362
20422182
20441425
20474668
20571572
20588015
20606847
20626489
20652355
20712495
20799762
20846185
20911572
20934991
20944498
20979409
21033842
21040949
21110983
21201472
21211604
21215431
21254673
21263450
21333435
21404974
21408452
21433095
21465693
21481150
21549535
21554590
21594678
21637596
21704414
21789966
21883009
21950937
21966123
22020857
22035796
22050343
22059137
22149890
22179192
22259598
22307035
22384383
22461682
22497332
22580619
22643353
22723223
22814835
22833406
22864923
22960352
22967023
22983570
22999008
23094827
23189058
23270678
23289493
23348719
23394877
23396747
23403359
23501854
23581217
23662810
23684961
23774025
23860133
23947048
24005991
24019257
24048150
24118375
24174040
24233841
24280242
24369488
24372417
24428676
24480844
24512811
24559909
24620390
24657185
24689174
24735818
24814183
24834625
24865500
24946480
25011022
25075572
25111137
25137412
25232872
25326778
25340474
25406064
25470166
25512897
25521995
25548838
25564464
25598823
25608910
25651875
25750243
25848711
25909713
25930431
25984987
25986186
25989270
26057667
26064611
26116912
26172649
26178960
26241226
26243922
26294615
26300832
26331502
26396404
26442426
26505443
26582030
26584928
26593244
26664561
26748638
26824184
26864217
26895146
26898246
26962064
26974195
27048097
27106010
27164361
27253410
27261258
27339432
27395993
27473405
27517036
27540929
27546893
27639984
27704748
27790659
27803473
27903156
27903822
27984440
28078557
28115673
28180904
28246105
28323191
28379619
28428171
28455684
28502467
28545083
28606404
28608158
28640263
28670577
28673305
28740710
28771239
28835282
28925571
29023423
29099520
29170018
29194644
29217779
29291204
29335776
29370768
29384068
29431180
29441372
29501462
29519044
29544066
29605050
29695872
29763589
29861095
29866536
29900087
29922625
29926352
29986545
30012076
30101761
30170928
30257000
30330492
30390646
30451279
30488805
30508964
30608385
30647664
30658334
30667907
30734056
30756206
30767953
30813149
30866109
30900477
30913663
30919908
30953306
30971618
31009797
31093075
31105855
31154993
31199430
31209486
31241524
31253627
31319161
31377980
31416172
31419749
31474124
31544950
31623183
31660322
31676371
31686184
31751655
31816144
31892366
31908715
31927175
31966443
32023438
32072935
32144858
32146627
32154107
32222076
32263479
32292996
32302318
32352894
32443332
32490502
32553981
32588768
32589981
32652411
32717759
32773506
32803476
32819874
32823149
32887935
32944366
33016062
33101827
33177293
33212594
33284381
33329702
33375881
33388200
33402345
33475881
33527229
33585162
33607210
33622832
33722015
33746888
33798906
33870703
33904354
33991038
34018958
34087585
34132580
34146959
34196151
34275541
34363720
34391737
34461171
34487342
34515450
34581283
34590621
34626033
34701108
34763508
34795762
34830656
34881703
34950105
34980616
34990298
35052454
35104588
35183310
35260141
35350706
35393384
35454271
35549356
35592620
35621603
35652495
35688574
35746181
35837779
35863474
35865963
35874132
35973092
36053112
36057362
36063240
36154033
36240877
36312108
36314074
36413949
36455180
36506762
36596877
36674927
36679083
36707183
36798936
36843430
36924412
37017356
37117140
37142209
37157832
37219353
37246147
37264910
37310444
37404597
37449988
37474566
37544546
37565405
37622402
37625356
37646858
37671320
37703987
37754391
37836650
37837935
37868881
37889997
37909296
37965074
37986848
38051405
38091913
38131107
38214644
38297347
38358350
38358936
38423860
38460204
38470264
38517920
38548929
38590063
38683420
38754287
38833653
38913690
38934070
39003732
39012374
39078028
39170188
39243411
39291255
39356041
39370152
39398371
39461626
39545820
39561106
39598522
39634042
39665702
39707586
39712793
39801750
39839682
39904596
39910519
40003323
40094242
40148203
40161701
40212793
40310475
40376699
40385995
40478228
40526636
40608343
40695859
40733093
40805589
40847172
40927918
40935043
41009291
41095770
41121366
41127800
41202115
41251474
41303770
41318721
41402116
41426471
41510901
41563179
41611591
41683068
41695704
41754554
41769444
41851395
41882925
41937969
42027649
42104376
42126864
42169094
42242136
42270045
42280917
42311632
42382066
42461306
42558669
42633594
42722646
42809381
42827859
42879391
42972506
42996953
43025138
43091814
43124509
43131721
43202670
43268335
43328687
43339306
43371831
43424790
43432524
43474243
43503838
43584068
43677793
43704194
43790394
43836532
43887264
43936429
43995529
44069625
44095120
44112325
44202065
44206745
44206845
44249200
44301875
44351500
44382521
44470778
44565421
44620411
44700332
44703171
44789066
44875176
44886240
44956458
44999043
45006669
45100740
45184755
45280245
45293373
45321790
45342280
45377508
45417274
45428239
45511388
45523526
45559226
45612312
45629284
45682244
45726374
45807462
45849825
45883527
45976421
46063134
46137903
46201932
46295910
46367603
46464956
46467736
46509442
46516023
46535995
46549640
46601208
46692077
46734716
46788060
46825482
46837871
46875574
46939641
46945653
46986324
47072229
47166590
47176954
47268180
47364031
47404897
47425758
47429997
47478607
47556871
47609088
47645103
47651680
47717221
47775313
47836514
47843407
47923244
47970487
48015094
48102071
48159921
48230288
48265954
48305172
48398907
48454008
48543031
48623436
48647192
48720344
48755024
48792978
48795823
48805311
48832739
48865598
48951829
49048662
49104116
49161273
49215396
49272526
49326314
49379436
49453446
49524100
49593067
49596057
49610587
49657546
49745842
49765306
49811849
49861785
49885789
49922395
49964827
49974986
49984344
50041573
50130485
50138143
50151342
50169747
50171929
50267028
50275949
50370799
50467339
50486502
50562173
50641147
50658991
50717910
50798830
50837018
50876207
50943472
