16027
106756
116594
196940
281644
298134
375397
443240
464111
533824
627966
637619
690626
790081
862289
940139
952024
1038759
1069742
1104529
1128433
1204323
1261024
1325953
1329576
1360056
1412484
1452887
1548209
1607149
1648611
1687001
1776004
1778150
1857999
1908735
1951748
1952643
1973610
2010549
2071313
2164051
2248060
2307905
2371203
2441363
2496789
2503378
2505152
2516897
2521094
2536670
2626531
2678927
2745097
2823156
2838855
2860130
2930115
2947355
2952029
3005351
3089990
3122269
3215093
3265413
3333599
3355121
3433266
3461196
3527980
3626314
3695815
3763389
3834918
3926632
3952884
4000144
4044554
4079216
4152145
4160450
4196198
4276465
4303490
4402421
4484089
4485756
4518148
4561790
4616777
4655268
4741917
4803488
4874102
4957497
5004230
5100674
5171806
5254251
5336062
5402186
5496283
5517557
5548106
5564881
5581311
5669251
5719727
5815181
5862726
5875123
5920149
5959008
5975695
6009930
6031991
6052829
6147172
6187312
6238602
6297739
6312948
6379626
6428697
6513534
6550909
6624804
6704965
6764922
6828413
6875932
6953824
6999164
7031643
7125446
7130513
7141925
7223848
7316294
7397904
7405778
7458954
7529838
7541453
7577787
7654657
7657983
7705667
7784015
7882173
7974921
7980411
8032097
8076744
8121150
8188826
8265446
8347264
8427883
8489275
8499903
8528095
8549437
8568300
8664965
8681882
8702043
8766936
8801083
8839037
8914144
8942127
8993695
9048597
9093035
9134654
9136330
9151094
9235210
9275179
9364096
9375012
9457791
9504188
9516886
9520212
9531016
9570512
9607346
9688403
9753355
9844038
9939712
10035059
10107151
10176452
10178536
10202430
10206645
10215783
10264845
10273602
10282416
10290383
10326868
10417579
10468474
10477425
10486091
10509584
10607351
10690877
10743656
10783451
10811845
10881411
10924807
10962093
11012118
11028808
11082653
11156993
11210396
11289048
11301349
11390810
11455679
11517851
11527571
11626340
11701494
11705901
11759163
11857885
11881198
11894033
11910236
11992810
12019374
12116659
12139215
12231848
12312969
12326734
12328305
12368772
12449174
12524924
12605171
12688570
12708358
12732097
12777771
12873890
12939307
13019040
13022321
13089464
13146864
13228628
13231092
13232596
13262270
13274455
13321981
13392755
13490041
13514979
13610543
13690841
13720012
13775593
13837001
13849985
13893282
13894005
13976059
14054593
14136380
14169853
14199734
14246742
14264447
14337195
14406934
14447750
14462504
14517462
14600812
14658499
14668887
14725918
14748179
14814874
14841548
14848996
14890970
14909748
15009588
15107142
15161033
15198471
15255406
15332391
15359396
15422860
15454714
15524420
15597152
15666736
15754772
15768747
15830857
15853736
15926796
15961086
16002879
16081941
16095178
16123581
16204196
16299217
16364163
16447577
16500290
16526991
16614740
16706977
16740191
16779981
16819047
16832624
16866704
16953467
16955824
17047086
17109358
17122607
17161673
17216362
17219336
17306776
17347752
17444662
17457891
17535874
17575921
17590596
17644209
17665761
17753224
17777033
17876765
17890372
17905327
17966359
17995210
18048747
18083863
18117316
18134179
18199281
18215897
18236480
18261051
18333710
18337742
18373451
18401340
18487181
18492430
18518528
18553179
18610495
18691192
18715817
18801311
18855438
18896579
18926074
18952628
19046972
19146566
19244450
19293811
19374328
19376055
19464122
19531237
19589984
19660437
19696542
19765076
19857259
19887439
19893436
19895161
19992702
20038768
20063602
20080845
20087870
20127816
20154960
20250738
20285778
20380308
20430654
20468957
20499033
20502402
20546136
20626106
20635382
20665210
20752956
20761993
20804666
20835222
20920560
20928139
21021475
21044835
21064053
21080702
21081530
21121534
21147087
21223702
21251989
21304444
21349482
21406957
21414620
21442054
21452846
21492475
21531720
21601301
21635388
21728687
21761185
21822891
21858316
21859410
21880081
21924357
21965363
22007487
22022189
22075242
22123204
22204807
22304792
22393675
22459438
22506711
22582039
22596507
22623049
22634026
22646247
22686431
22712894
22734571
22792850
22829322
22831361
22903058
22955728
23025968
23062948
23102575
23200018
23278759
23311261
23406141
23474313
23539728
23582680
23650402
23723632
23750242
23781510
23800339
23888250
23912753
23919723
23940662
23979076
24031263
24121158
24200387
24295441
24371783
24434873
24461380
24541971
24588985
24604002
24688103
24786721
24838269
24900019
24956543
24999338
25064622
25150478
25226826
25324757
25382703
25393127
25407621
25443841
25450493
25455110
25470207
25525519
25620443
25671375
25690571
25735688
25799050
25849955
25920556
25963067
26048294
26092901
26095677
26176153
26275763
26346598
26426742
26515560
26575255
26600379
26680400
26710857
26798949
26828864
26865488
26930514
26940666
27007054
27089091
27108363
27138056
27146633
27196170
27209841
27259708
27304919
27360407
27381118
27425334
27463873
27560113
27576500
27597565
27646511
27722600
27807604
27894482
27909515
27972996
28047936
28064878
28150117
28236525
28306592
28329078
28346646
28377342
28452610
28534560
28631237
28689387
28742386
28810162
28866077
28881748
28915644
29010623
29030173
29113127
29156693
29177336
29260462
29330792
29348667
29372244
29389556
29468398
29481690
29569645
29585442
29595052
29654253
29702898
29724829
29810385
29907759
29981605
29993057
30002138
30012685
30072482
30138367
30224973
30322524
30403381
30441991
30509421
30586878
30622024
30645440
30723594
30800085
30830230
30874724
30955824
31017373
31102666
31119835
31189846
31205071
31256023
31342335
31417077
31457307
31506935
31538800
31585100
31674113
31742428
31789567
31888573
31892745
31981962
32017771
32074543
32082823
32162289
32244383
32338254
32347557
32377433
32413186
32451254
32462434
32533930
32579166
32597204
32686160
32747224
32843737
32903991
32992643
33036661
33060253
33066262
33122894
33188520
33207415
33254395
33258652
33344543
33443207
33512499
33604509
33697873
33729770
33749635
33765743
33826259
33905737
33923959
33989316
34061639
34094840
34190837
34272106
34279258
34358146
34432216
34500838
34519067
34521265
34529912
34622821
34670491
34744057
34826546
34877817
34893290
34981673
34995276
35024540
35054074
35122957
35189072
35217619
35306242
35345908
35435430
35458599
35494743
35524754
35582610
35664288
35748526
35795076
35872743
35948423
36011675
36013583
36034158
36133280
36143364
36216509
36225774
36267048
36323990
36402644
36477707
36573046
36656161
36687865
36778051
36872850
36967837
37027004
37051015
37064192
37109684
37186268
37210134
37280760
37346961
37366707
37423222
37465987
37546923
37573997
37637190
37719623
37761126
37832040
37850483
37933620
38020072
38081440
38103443
38145997
38172139
38225100
38275375
38303825
38390382
38419309
38506855
38595137
38665482
38749718
38757297
38826270
38856458
38954222
39051795
39090584
39168773
39268539
39364975
39444643
39450647
39456856
39492597
39577418
39633250
39729816
39825976
39881720
39980803
40074825
40115779
40200811
40245494
40279705
40345946
40398362
40435444
40435578
40486229
40542620
40547317
40623434
40625572
40641046
40669467
40753337
40782184
40865688
40952172
40956172
40960028
40979042
41040486
41104402
41156264
41212851
41271549
41278017
41290620
41367957
41412262
41509803
41566484
41585415
41591735
41649092
41650468
41746303
41801035
41897042
41919233
41948984
41990117
42061269
42138209
42215414
42286123
42358182
42450081
42541144
42553607
42626838
42661606
42701273
42749821
42759078
42822377
42876783
42881745
42975513
43050140
43104848
43187357
43204929
43214066
43291568
43381356
43464494
43511996
43568060
43573926
43615416
43706891
43730672
43829661
43916494
43945934
43980209
44051638
44071617
44112619
44130273
44205372
44301998
44323781
44327460
44415301
44509806
44579763
44670293
44733332
44832360
44905927
44915998
44939269
44951031
44992504
45041833
45082837
45115715
45185698
45228415
45293838
45360785
45361094
45380150
45460648
45464493
45540122
45566704
45586743
45601543
45692644
45701567
45800922
45880481
45977788
46000574
46068370
46073393
46082399
46094461
46095112
46109790
46169339
46240969
46327943
46364549
46385002
46398962
46447135
46486019
46541754
46603088
46603855
46690174
46692109
46711574
46746535
46843726
46871479
46915814
46960146
46985470
47045233
47093075
47183417
47282328
47341693
47415645
47429006
47502349
47600034
47698922
47739814
47781265
47852302
47866408
47879124
47883756
47900512
47948042
48031046
48043008
48051856
48123759
48200330
48267408
48272582
48368419
48438532
48520399
48599745
48618516
48623081
48645698
48733273
48737009
48738636
48838164
48873792
48896283
48985792
49019876
49021580
49072187
49100009
49140086
49207245
49302432
49388581
49459669
49478206
49522730
49577330
49638768
49731534
49786461
49791486
49867726
49869184
49907483
49923394
49957833
49979416
50012548
50049957
50144219
50154242
50214225
50301713
50356209
50423688
50495215
50501293
50536025
50592341
50656242
50739131
50821590
50826146
50900683
50911317
50974376
50978471
51063489
51092363
51158149
51198337
51258987
51267163
51273449
51360786
51396625
51464405
51532127
51604120
51631448
51676715
51771370
51832971
51869412
51877389
51948813
52003603
52062067
52101887
52130237
52215597
52225273
52235528
52281852
52321116
52367222
52414818
52447112
52456722
52533958
52555758
52559822
52625306
52685970
52729915
52799992
52838211
52881393
52908289
52941632
52976513
53049801
53146269
53155047
53249992
53291866
53292538
53343057
53372923
53449267
53535766
53585183
53673148
53762600
53832741
53901439
53980149
54018301
54053832
54089955
54093217
54138524
54160075
54163779
54188889
54246358
54256272
54274053
54360276
54455371
54508727
54567562
54602939
54653664
54734063
54777090
54780231
54864829
54926307
54969086
54972749
55014052
55015618
55104180
55105525
55200217
55257064
55312655
55342146
55372109
55407837
55496635
55533742
55633572
55706627
55718997
55804794
55875104
55966396
56033667
56065622
56087485
56173328
56212611
56288333
56382876
56448678
56505535
56542514
56585186
56661537
56704386
56794577
56871588
56924206
57023280
57049873
57074392
57149311
57180756
57237428
57304230
57328380
57398983
57444339
57489775
57492422
57530018
57617422
57712988
57789443
57833452
57913370
57984365
57984430
58052825
58075345
58130270
58145940
58185280
58232547
58323294
58381263
58383701
58477702
58575417
58605750
58679423
58777161
58834335
58863834
58944639
59012787
59038656
59073763
59079649
59099815
59154686
59221457
59282274
59328480
59348803
59406135
59419067
59426820
59455900
59468956
59481025
59515277
59565344
59593610
59598021
59614665
59708653
59747933
59815373
59909003
59924302
60019010
60077916
60177123
60255392
60315884
60414622
60459959
60524409
60620471
60718279
60805255
60850993
60873717
60961744
61006069
61065394
61096958
61122415
61146872
61243065
61246217
61290897
61318418
61343254
61411315
61498846
61588098
61676123
61724035
61756742
61759628
61760960
61796492
61893814
61958483
61960435
61960533
62039664
62097229
62125711
62186995
62211303
62239643
62333011
62335488
62375788
62436212
62520093
62567881
62615222
62634683
62690032
62722998
62764847
62774098
62784417
62853091
62896500
62976617
63067882
63110065
63130202
63205268
63300898
63342445
63345113
63359794
63456823
63478860
63537928
63573016
63600188
63692312
63723605
63775202
63839899
63861959
63867103
63927081
64014837
64096445
64182544
64279068
64338442
64409192
64462666
64529317
64596659
64695627
64730828
64782791
64796709
64809232
64831829
64922362
64995667
65089546
65183250
65193131
65213423
65286583
65368736
65406810
65423873
65510675
65532554
65578490
65608806
65627708
65677092
65738895
65818150
65886134
65931193
65944627
66015373
66113295
66152803
66191600
66284142
66297415
66395187
66486579
66559369
66559569
66634268
66703071
66720308
66799373
66855549
66922608
66959051
66963102
67050332
67074572
67104933
67168540
67226294
67293554
67380930
67419837
67508076
67568561
67640741
67645660
67692198
67790400
67806049
67876674
67896707
67946462
67988644
68024360
68065474
68140623
68185212
68279794
68321591
68322206
68381031
68472983
68522548
68524540
68572344
68639385
68705123
68733520
68792973
68849867
68854986
68911216
68931659
68935568
68991277
69067886
69108309
69113867
69186820
69285137
69295436
69325751
69342158
69371507
69458874
69509657
69534812
69608894
69646865
69735936
69774209
69803368
69821902
69884746
69948230
69974459
70027533
70031311
70076681
70114003
70127709
70201254
70267222
70290816
70291100
70352468
70356932
70366197
70405111
70464638
70477193
70562442
70639269
70646389
70732429
70735078
70769364
70838243
70899668
70919643
70928891
71028176
71127102
71161617
71225239
71307350
71356319
71358761
71413239
71456417
71548152
71577165
71596238
71695775
71698844
71726963
71766514
71842708
71913384
71953261
71979226
71991841
72080461
72096803
72145429
72215515
72279221
72324299
72325163
72330985
72343759
72356866
72409636
72492786
72560357
72620748
72638823
72667300
72697624
72766524
72823823
72857443
72942849
73013238
73025463
73056612
73089273
73096949
73125118
73187190
73282839
73320318
73364399
73387552
73404410
73484600
73575209
73625023
73704646
73716196
73744955
73779983
73864816
73958114
73977884
73979132
74021667
74104444
74162989
74216383
74303990
74375873
74403600
74421722
74422288
74513690
74518280
74572287
74638226
74731561
74746679
74830500
74865281
74872352
74945602
75004386
75074857
75163681
75188061
75224101
75272027
75353952
75393118
75411944
75473582
75554884
75583787
75588583
75647637
75703617
75758361
75841228
75929814
76005624
76019820
76116014
76161527
76230886
76308546
76401266
76458975
76500331
76591684
76677981
76685199
76716039
76801380
76879885
76918925
76967155
77054145
77112514
77124857
77136709
77181340
77232077
77260761
77280232
77296093
77334869
77352215
77442494
77512216
77553844
77598487
77662846
77736189
77813189
77856778
77870858
77876362
77944950
77952956
78046226
78068802
78119645
78162526
78234832
78321527
78395969
78489316
78579917
78583480
78637567
78702576
78786859
78810857
78868372
78895421
78983544
79046872
79143770
79193897
79213788
79266975
79360014
79440751
79487440
79565081
79664223
79744520
79777211
79867321
79877248
79926240
79975478
80022882
80044140
80055666
80130239
80213467
80298822
80354099
80375732
80413265
80493401
80540678
80550060
80636932
80725464
80789730
80844766
80891776
80907162
80978245
80989211
81041885
81140925
81226185
81284809
81342118
81381451
81469849
81506035
81530567
81571599
81666250
81668756
81712501
81738408
81778804
81782045
81789353
81830777
81915957
81916466
81923584
81989690
82071478
82077720
82166997
82169214
82206912
82235448
82317061
82386147
82442257
82474794
82572335
82660068
82717374
82718507
82748313
82761448
82782309
82854561
82938275
83008139
83066115
83126249
83143623
83216234
83274721
83319087
83346406
83437689
83537569
83629355
83653122
83671785
83687484
83691436
83781629
83856232
83912387
83986060
83988938
84021619
84051298
84105286
84143360
84236035
84240950
84253697
84312813
84341703
84423984
84476862
84489619
84490125
84554738
84612998
84685024
84727823
84791732
84812407
84832538
84895300
84917079
84975426
85005828
85061846
85101388
85164259
85202043
85285411
85371512
85420357
85518879
85572248
85655724
85749432
85762560
85851878
85923840
86009408
86038758
86101223
86111687
86126259
86213384
86257899
86320183
86384612
86440735
86450332
86499293
86570379
86625306
86689309
86700428
86772796
86849968
86884388
86901538
86973081
87066786
87127690
87196566
87282669
87356784
87452973
87483187
87494682
87546182
87621065
87685582
87709547
87774224
87793066
87825753
87883915
87920050
87935283
88009679
88009875
88102098
88139229
88186058
88270762
88311076
88334902
88374548
88416731
88430328
88436760
88513224
88528180
88538028
88562374
88572080
88660356
88760144
88785521
88881348
88957197
88989017
89036082
89109300
89188845
89222554
89319174
89383327
89430044
89529186
89609665
89703637
89774467
89797923
89803368
89847670
89868924
89896748
89920748
90013808
90074909
90080042
90161113
90226543
90259565
90325354
90381041
90440589
90518169
90524696
90602927
90699917
90758313
90774218
90832947
90843322
90938553
90967668
91040648
91105792
91130357
91168284
91259103
91344734
91376167
91396820
91488061
91498624
91528136
91580931
91664912
91759297
91835253
91887079
91924369
91932208
92019765
92103693
92168134
92264065
92309628
92375089
92387657
92388777
92412066
92455423
92477265
92563259
92583595
92586881
92611396
92698081
92791927
92874954
92968043
92974761
93064650
93101734
93136442
93233470
93244330
93257453
93263458
93297200
93354933
93428792
93485598
93530798
93579052
93645679
93734512
93800003
93832390
93835152
93907980
93955982
94023932
94046320
94048242
94059424
94119638
94203601
94219218
94220441
94267991
94347690
94390411
94410078
94439255
94457246
94506897
94517067
94588957
94667242
94668274
94676098
94722673
94793073
94848647
94930374
94946761
95006700
95076146
95164092
95211009
95268180
95288644
95346669
95378127
95458083
95535581
95615469
95624506
95701396
95781378
95822131
95851095
95896312
95955494
96009301
96085032
96154433
96207929
96286253
96298321
96354848
96370043
96425941
96481666
96505374
96587957
96645720
96699973
96753770
96821705
96846531
96903134
96970544
97068004
97166110
97263493
97317906
97336608
97434684
97465258
97561891
97579117
97588932
97615175
97657412
97673801
97697028
97746701
97811912
97861317
97896828
97900129
97923101
97995035
97995655
98032284
98063401
98126249
98210056
98250375
98299354
98376280
98402798
98415294
98502392
98515733
98560394
98642449
98655647
98726829
98804185
98812317
98865102
98953408
99024632
99037291
99123663
99178170
99249721
99337396
99408174
99472173
99539633
99551238
99574732
99613182
99708773
99745112
99804704
99880113
99906836
99934485
99973610
100045743
100127311
100182842
100263991
100310393
100398327
100404440
100492330
100569252
100574020
100632162
100645984
100700439
100714901
100732885
100803431
100882152
100905326
101002201
101010295
101065780
101093411
101122492
101139119
101203204
101242365
101320650
101373264
101464509
101519894
101602509
101690073
101749715
101817125
101820441
101873110
101972063
102056362
102097657
102158406
102254089
102331322
102348383
102426807
102467103
102548397
102567621
102601819
102651025
102707387
102727023
102775242
102835017
102866050
102934495
102970207
103056022
103117224
103124552
103139373
103147862
103164778
103219032
103239709
103263164
103342874
103430461
103479922
103482954
103538668
103562239
103590052
103605022
103606577
103651005
103730974
103762780
103853496
103929662
103996605
104058407
104130570
104197945
104286328
104330410
104383127
104407602
104415342
104446231
104533046
104550790
104556537
104591111
104674455
104722027
104785608
104838640
104899336
104967726
105019476
105036733
105074983
105159857
105182198
105191222
105254548
105269757
105328055
105369799
105411462
105505973
105596341
105656932
105677674
105776294
105780778
105815729
105859129
105884474
105949985
105965265
106055421
106147394
106239427
106323581
106396106
106424680
106467340
106539047
106593152
106625827
106697015
106738797
106746714
106841413
106935980
106968928
106976172
107000791
107009478
107086004
107170069
107250368
107298517
107300530
107310083
107384643
107427779
107497812
107517795
107545692
107625337
107625859
107694549
107749750
107761429
107767706
107866771
107888156
107938851
108010519
108082992
108179644
108278804
108322216
108389538
108419296
108438418
108457670
108519122
108564702
108609546
108692191
108717803
108753227
108763853
108773920
108845972
108917094
108977521
109030816
109040056
109071351
109144974
109157749
109205332
109271848
109337994
109429021
109517149
109612985
109666165
109751606
109785190
109801627
109873546
109893228
109911041
109936850
109987616
109989858
110065376
110153747
110217183
110249376
110283366
110373961
110451434
110497322
110559070
110611186
110624056
110630173
110650011
110716931
110775465
110828933
110872559
110939319
111003307
111089256
111105363
111183130
111235327
111334941
111416513
111479698
111481058
111525194
111619154
111709477
111718292
111734991
111802830
111840417
111893796
111962240
112011855
112064707
112103263
112155788
112191478
112197352
112230165
112256442
112354248
112369135
112462227
112497232
112547949
112626530
112709046
112800458
112860561
112920365
112973770
112980691
112991681
113039179
113110577
113207810
113223510
113249929
113265346
113275409
113310268
113353272
113381436
113464323
113470684
113513050
113599945
113637317
113710632
113809535
113896765
113991547
114070105
114130314
114141424
114143623
114238650
114330972
114376576
114417850
114451339
114527042
114562919
114581036
114645703
114713058
114781002
114833969
114869717
114922471
114943638
114990300
115089602
115137410
115218502
115259620
115291520
115337868
115408540
115446868
115533186
115544087
115628906
115645505
115695021
115793167
115870731
115900241
115904503
115916237
115918167
115981480
116024245
116048332
116133230
116199878
116259817
116339595
116438306
116463093
116535886
116600804
116679375
116769171
116810537
116887572
116954973
116977815
116994132
117028846
117092675
117168379
117169444
117174026
117177850
117256900
117268277
117328676
117410202
117477606
117507586
117579181
117636882
117709826
117792125
117829193
117837428
117907750
118005870
118068430
118101613
118185109
118254261
118291975
118303176
118391755
118457511
118549895
118556660
118556983
118634596
118642072
118740107
118757535
118800654
118889889
118909893
118970352
119067639
119094561
119179461
119261563
119344837
119396375
119446050
119505382
119548309
119629610
119676292
119686797
119744158
119769234
119830111
119927875
119996281
120042827
120051894
120079684
120105941
120110850
120190317
120227148
120227837
120319197
120383160
120409388
120443658
120524527
120604859
120622184
120670363
120734935
120804047
120805037
120829869
120891076
120909256
120992204
121031132
121104185
121105007
121140354
121202469
121257060
121338494
121388370
121450164
121528491
121554476
121584551
121636030
121673051
121756792
121804823
121826287
121849218
121888510
121930300
121934157
121996092
122002536
122085731
122170930
122223379
122244512
122313742
122394108
122466516
122528163
122605737
122647644
122687821
122747001
122811804
122858703
122929496
122951318
123036298
123037091
123117452
123179035
123250234
123332464
123369851
123432120
123502919
123520757
123597848
123670854
123714102
123799982
123829842
123926802
124008586
124014918
124112343
124201126
124216047
124216126
124228161
124307840
124369731
124457769
124529493
124621435
124694660
124734243
124790882
124852753
124861675
124880429
124901430
124907014
124984575
125005016
125092700
125100625
125185980
125255930
125302272
125322870
125328184
125350717
125387641
125440078
125463007
125471888
125547362
125629148
125652466
125687294
125785229
125847119
125892613
125936001
125947173
125976791
126066784
126089149
126101149
126118679
126180624
126267725
126303529
126400594
126471803
126474043
126553466
126576469
126645878
126656569
126682765
126723550
126798648
126884596
126892035
126893092
126940962
127002594
127027153
127083221
127103847
127167565
127229949
127249643
127282864
127352872
127354834
127441353
127468243
127556028
127563870
127634391
127656898
127687384
127730259
127756160
127821840
127852997
127916358
128006408
128053006
128123303
128222744
128253867
128302669
128398850
128494490
128529039
128589616
128679702
128771911
128809232
128876720
128921974
128997621
129054391
129105060
129146327
129241450
129258159
129312517
129314338
129381513
129399969
129475282
129545256
129568648
129651651
129744737
129806578
129830899
129849622
129899096
129918903
130007435
130107166
130198523
130201821
130273681
130305198
130310560
130338539
130338980
130430334
130471058
130508057
130514748
130609590
130634211
130716464
130720991
130799971
130862220
130883390
130955886
131029242
131078128
131102925
131178173
131178512
131230270
131283165
131284871
131325900
131401807
131417611
131455656
131548149
131581377
131587923
131654087
131715786
131722923
131724528
131780439
131798202
131821500
131904055
131915360
131946350
132025129
132083817
132108635
132113284
132136431
132214129
132219047
132242373
132274808
132324771
132420933
132476957
132488875
132531202
132545074
132598009
132624548
132658740
132727345
132808022
132850806
132945070
133009142
133059454
133144827
133219741
133236013
133283702
133290913
133316225
133391278
133444964
133479729
133524347
133585708
133611576
133640066
133668258
133687416
133756327
133812058
133877091
133935288
133960096
134059409
134096956
134141417
134173545
134272942
134288477
134326512
134328203
134369947
134455964
134549383
134550513
134629844
134640759
134703081
134711565
134735657
134769518
134842956
134871102
134873683
134951737
134956708
135026302
135032382
135066162
135133977
135186577
135275880
135280375
135373484
135398346
135416307
135462998
135502899
135520576
135613800
135678351
135760459
135827958
135919937
135956696
135986834
136059815
136129094
136221794
136248249
136310999
136345781
136433736
136442032
136525922
136536030
136627668
136719546
136809651
136817870
136866625
136928700
136998551
137039939
137112530
137172061
137191235
137269994
137311470
137398712
137490748
137508832
137550244
137594004
137620247
137668828
137699162
137785290
137847099
137868211
137918162
137957566
137972686
138039956
138050519
138138603
138204556
138210640
138280613
138372736
138387699
138404695
138430941
138435115
138506244
138554079
138614920
138699696
138723993
138769259
138866044
138924997
138961838
139053923
139091734
139189677
139286055
139338443
139402468
139469933
139564457
139618297
139696292
139724567
139756996
139796094
139820898
139851042
139858246
139939742
139987940
140073193
140077159
140082839
140113774
140175816
140256091
140296391
140298044
140358480
140413391
140508552
140556377
140609179
140610907
140637621
140647071
140688696
140753583
140835628
140889861
140892731
140934671
140935604
141023254
141048025
141146704
141242489
141264196
141346186
141389130
141457872
141493830
141531114
141630016
141643075
141653273
141717753
141797303
141881958
141901742
141938768
142013896
142060041
142064004
142069177
142094555
142131050
142222023
142240881
142288154
142299098
142356148
142445570
142543899
142559001
142652325
142710634
142810308
142857890
142901045
142953752
143010643
143022539
143084621
143147361
143150960
143158011
143165435
143203309
143211151
143281085
143329902
143351434
143361376
143439553
143493458
143576282
143658451
143712742
143751078
143829522
143840330
143924438
143938219
144036004
144059793
144114750
144213651
144301679
144315129
144414184
144508229
144511253
144555466
144634078
144667290
144673663
144764110
144817691
144883453
144909952
144943813
145020567
145038918
145079203
145143104
145222014
145224261
145255452
145282949
145313636
145394460
145452315
145480475
145483240
145516840
145526893
145574212
145627647
145654814
145673040
145760382
145843552
145936433
146018706
146046670
146073384
146080166
146180037
146276150
146338434
146430877
146445808
146535740
146568541
146624539
146634745
146676264
146744265
146843034
146876271
146906668
146994187
147058240
147152447
147200036
147270562
147307301
147336057
147358592
147436872
147445955
147532468
147598539
147620195
147670466
147741720
147758520
147848367
147946347
147992069
148021537
148070852
148080322
148093617
148156618
148230908
148267604
148292301
148338720
148391190
148408227
148415179
148489636
148538782
148540608
148577121
148650002
148710752
148793716
148841929
148873599
148945581
148970434
149050905
149125947
149134409
149217265
149219396
149222679
149266938
149334675
149402779
149462173
149531053
149545812
149643689
149727707
149746027
149771245
149843250
149848702
149908595
149984895
150051446
150054049
150108240
150120434
150195631
150273859
150371509
150403650
150490051
150493433
150557726
150564997
150632408
150707219
150802110
150868263
150876582
150973207
150998346
151060149
151109260
151129147
151185473
151250714
151333194
151411790
151493081
151500715
151547354
151640916
151660515
151720427
151786442
151852712
151860234
151954587
151963627
152028003
152102061
152125112
152215142
152276837
152318805
152391566
152454675
152519718
152565845
152618640
152689764
152737101
152748825
152784727
152884483
152932930
152939661
153035299
153037117
153074049
153164496
153179872
153271977
153320199
153379665
153413404
153457210
153485045
153548519
153627748
153686930
153746012
153783521
153790753
153794648
153867485
153879406
153895681
153947448
154012847
154013512
154044946
154045634
154055251
154089095
154091298
154118153
154200324
154224670
154291484
154362826
154415588
154469005
154541354
154603837
154616464
154714411
154763237
154858312
154867235
154955266
155036946
155076585
155173949
155270098
155333862
155356737
155367428
155397313
155405229
155462321
155501189
155559101
155590947
155665059
155701551
155702962
155774368
155792387
155793631
155829652
155928416
155938729
155977380
156020172
156090211
156170014
156185858
156240002
156297279
156340151
156412429
156509663
156607209
156610422
156611178
156630306
156640507
156703263
156801399
156878124
156962052
157023577
157073759
157114312
157155722
157160947
157172899
157219819
157243987
157257537
157292789
157358196
157453036
157545575
157645258
157676533
157760009
157834906
157844716
157933546
158022240
158037492
158083231
158093838
158128651
158191560
158216444
158300322
158367623
158405561
158410244
158427617
158526151
158551213
158607269
158631664
158652301
158657579
158746051
158769630
158846985
158929611
158989357
159032345
159075795
159156913
159169610
159228846
159323242
159385612
159458098
159476906
159559324
159624044
159684008
159752333
159764092
159858241
159958098
159978075
160043854
160095203
160167687
160212605
160226248
160275460
160356372
160456182
160542388
160612712
160659829
160754277
160776987
160850134
160869249
160965614
160978000
161031895
161095721
161174123
161223842
161244011
161276532
161321762
161332047
161404186
161442910
161518666
161604847
161653802
161702363
161736153
161774761
161862049
161865021
161883287
161946821
162036951
162084499
162147251
162164873
162211072
162297544
162325962
162332737
162370081
162452436
162468389
162534466
162619966
162656128
162676451
162682919
162729707
162817766
162873290
162896042
162907142
162940792
162996388
163080074
163106233
163119703
163210803
163305745
163402708
163418338
163441489
163473304
163474525
163557614
163598182
163644060
163720704
163782647
163817351
163894061
163979622
163982077
164044393
164095318
164175911
164245516
164309931
164383607
164462371
164562161
164652711
164701231
164766422
164837735
164850564
164902162
164926824
164930921
165013718
165024026
165057270
165069012
165123695
165162248
165254724
165295304
165338649
165417161
165436484
165523609
165553158
165611871
165630950
165666909
165765917
165776070
165832435
165861524
165907539
165944947
166006681
166059782
166100827
166197421
166203878
166214686
166254509
166294478
166355207
166383555
166480862
166541881
166636681
166677515
166699207
166713379
166728545
166785006
166800790
166827603
166910704
166927231
166965916
166969217
166972129
167039944
167063688
167079600
167177615
167262356
167304094
167333486
167394785
167484976
167580819
167653176
167694503
167736866
167776511
167795593
167872853
167946768
167955273
168044611
168086127
168105802
168199317
168268754
168328534
168361545
168422870
168437347
168537117
168583859
168673998
168740734
168811420
168851616
168913266
168996648
169091759
169171265
169202287
169290871
169294897
169386016
169394225
169448953
169464927
169554035
169557770
169573234
169647544
169676131
169719746
169788651
169864831
169870377
169964088
170048916
170115474
170212494
170240903
170252034
170294130
170340480
170437756
170467591
170474601
170480724
170484466
170491954
170585472
170637227
170716461
170787499
170850781
170907568
170991488
171039678
171044740
171067463
171088937
171089065
171129745
171189860
171241236
171263214
171293772
171384812
171401022
171437760
171487255
171509306
171569931
171627067
171681801
171771378
171837624
171846246
171882516
171982474
172072771
172096627
172151756
172167463
172252790
172329443
172370280
172463506
172482654
172554498
172559367
172574079
172578413
172600972
172637111
172727654
172795762
172837128
172886910
172983096
173069155
173128671
173200700
173287007
173292863
173318593
173343444
173365483
173430742
173482921
173564057
173597051
173651334
173655558
173675261
173703337
173799618
173808321
173856067
173871084
173945235
173953623
173958973
174003619
174054536
174148084
174182656
174264668
174313252
174401522
174425399
174497284
174592587
174593554
174598562
174663724
174731591
174737163
174814815
174872600
174954430
175051405
175084973
175109429
175133290
175213655
175293836
175382910
175475618
175573851
175639662
175672082
175687153
175772622
175861518
175935278
175938757
175992863
176033251
176093606
176125601
176147146
176219373
176288253
176352620
176369071
176384105
176455206
176470630
176494649
176593645
176692799
176714941
176803132
176848619
176929170
176962381
177056805
177155346
177201574
177274325
177343506
177351566
177379277
177385490
177442564
177529220
177557191
177585220
177678096
177717995
177776273
177827772
177831836
177841913
177910326
177948790
177964978
177990355
178016809
178025352
178086575
178126321
178190677
178278225
178334031
178433775
178446832
178453091
178498252
178566191
178631704
178690135
178723531
178750170
178762221
178847955
178858842
178946966
179027943
179114306
179177858
179204372
179217275
179307586
179329786
179410183
179412941
179479291
179528965
179590411
179611317
179639013
179715805
179745850
179783104
179834592
179867224
179877725
179893048
179916160
179919534
179958887
179980677
179988290
180011110
180056694
180095235
180096698
180098028
180180048
180226481
180312268
180385566
180409378
180506827
180539953
180639561
180692870
180715172
180758528
180768329
180833989
180838483
180883400
180962627
181060859
181117776
181199071
181268985
181290257
181303892
181363645
181394778
181457039
181463757
181472372
181544562
181583052
181604694
181613116
181675743
181720066
181817788
181833974
181902301
181956508
181984753
182028692
182096836
182186582
182238671
182294885
182361962
182419019
182489218
182495680
182531310
182580779
182632547
182639252
182700544
182708457
182779884
182848107
182859802
182869555
182950676
183002916
183004070
183069546
183116672
183126405
183137853
183179590
183243629
183244821
183326072
183394061
183470875
183485363
183523793
183579295
183623215
183656222
183719291
183739563
183793542
183839085
183868058
183901283
183958500
184000808
184059521
184153249
184242733
184324468
184397832
184409167
184417504
184421357
184447869
184531870
184616111
184699227
184778980
184786863
184793531
184847085
184850748
184926503
185023318
185061195
185127953
185138239
185231670
185237776
185333307
185393187
185425716
185469644
185522126
185539777
185627138
185647952
185738392
185831076
185923786
185935646
185960216
186012837
186048607
186088523
186171760
186198074
186253403
186307478
186377345
186457244
186486674
186547874
186563576
186600454
186605805
186702954
186773657
186825035
186898492
186906671
186983630
187016089
187037185
187068961
187154259
187254068
187258975
187347324
187349452
187396209
187442611
187522229
187579930
187610240
187678524
187725587
187761890
187848224
187875508
187891046
187959811
188037768
188059050
188096188
188109857
188174623
188248222
188255097
188269725
188341037
188348747
188393223
188436462
188521987
188614393
188649161
188709120
188767136
188789333
188789820
188820983
188872837
188898427
188956842
188989711
189044266
189082531
189143357
189169937
189182376
189276573
189349479
189362648
189432538
189470249
189494193
189503609
189517071
189568279
189587190
189639017
189718078
189725249
189817224
189821616
189911715
189940596
189966687
190030563
190103286
190192548
190226927
190302222
190377361
190410298
190492937
190573118
190668991
190748080
190804074
190866220
190956007
190960862
191051125
191141444
191181188
191234490
191321771
191347016
191402541
191413311
191437630
191462372
191518410
191546089
191620830
191666585
191688955
191714008
191739367
191816797
191893663
191941799
192019461
192108351
192186808
192201514
192291032
192377549
192393933
192445910
192490510
192528922
192591515
192654384
192731556
192743468
192824325
192884495
192972182
192990476
193035102
193060789
193077354
193173198
193208353
193230261
193300327
193327094
193403446
193457945
193511047
193535816
193612956
193618254
193709424
193781668
193837889
193907977
193909308
193988177
194030262
194126906
194195678
194229455
194298930
194317980
194364488
194434438
194489841
194584219
194638884
194662659
194731134
194740340
194824206
194866093
194869271
194908478
194985472
195037769
195109764
195202548
195267677
195328910
195349197
195443226
195466173
195479872
195573080
195612717
195709300
195721614
195808189
195902040
195946363
195998084
196063053
196089730
196131132
196150824
196224636
196240009
196327105
196356297
196442405
196494000
196578089
196622207
196718527
196767379
196847008
196857136
196910026
196921716
196996411
197003672
197102135
197130018
197152151
197205996
197248226
197335054
197373352
197436281
197498246
197573605
197593534
197620440
197679983
197727044
197769125
197822447
197833093
197929465
198020561
198061917
198119847
198148081
198243616
198301389
198368142
198400599
198459852
198476824
198502765
198517622
198530796
198619639
198688975
198718422
198752614
198788845
198846021
198877408
198961617
198969851
198971986
198997959
199092726
199121055
199122397
199188184
199271433
199287557
199369430
199426915
199488680
199534021
199545741
199628012
199715729
199794780
199804869
199807558
199835594
199872610
199873676
199890793
199916889
200016812
200095046
200165312
200186522
200206831
200223053
200251374
200309076
200365358
200453465
200497454
200552127
200591477
200628263
200683865
200756696
200850193
200860997
200910819
200944603
201037515
201075131
201083160
201145760
201214378
201305970
201379723
201411339
201499196
201506772
201589848
201645745
201723130
201809600
201845676
201933611
201937586
202002553
202062570
202111797
202200599
202278855
202365243
202459474
202527384
202564425
202578664
202587162
202613450
202667970
202681276
202714014
202736166
202751270
202760525
202834185
202869160
202894155
202947381
203046558
203080529
203100939
203178665
203264791
203363151
203371023
203384137
203424203
203477501
203505066
203515432
203576938
203618401
203686122
203777731
203874522
203929069
203981339
204017254
204056009
204138280
204148395
204164864
204249231
204313948
204319422
204373045
204467490
204528591
204529372
204587871
204658319
204710240
204787032
204812025
204812161
204854575
204891217
204913040
205008762
205082098
205170992
205253128
205285095
205380904
205382475
205465168
205545473
205558036
205638770
205669329
205704751
205711445
205734244
205749999
205791866
205831786
205921733
205953503
205986590
206006400
206067825
206160772
206232678
206256602
206263505
206329033
206428731
206467387
206564876
206623504
206623799
206694957
206728878
206774981
206790821
206870727
206901845
206937667
206959148
207056090
207147343
207234065
207259090
207324970
207364640
207462288
207509099
207528742
207618347
207694012
207762932
207853487
207854325
207920524
207941813
207999478
208043605
208044588
208127891
208223729
208261780
208328481
208404823
208425735
208441988
208520454
208557042
208565134
208581551
208627186
208687427
208734791
208747165
208770623
208807425
208902370
209002319
209017911
209106027
209153311
209203012
209299056
209324351
209325789
209369732
209371029
209467322
209531346
209624684
209626335
209631294
209688256
209712076
209717200
209797538
209859617
209862325
209957368
210021148
210091460
210127204
210196316
210212444
210233671
210287941
210305935
210365392
210377358
210458167
210502064
210525762
210575276
210598605
210691712
210777393
210846476
210902560
210992435
211037506
211052505
211085717
211109903
211143320
211157941
211218638
211296067
211302283
211334846
211360906
211361456
211397368
211469202
211565530
211581289
211639005
211661931
211705979
211784969
211807072
211842743
211928181
211978842
212053767
212142340
212191503
212199175
212232353
212281453
212315758
212379335
212428958
212451555
212453948
212533409
212559836
212567646
212624716
212629410
212638735
212703771
212706055
212771030
212784057
212816510
212882069
212978582
213054365
213130535
213184253
213273340
213303677
213305272
213357074
213380446
213430186
213501372
213543494
213597734
213695170
213762187
213828518
213858391
213862817
213873217
213918445
213991873
213994949
214059773
214076431
214173141
214211681
214302311
214367311
214426765
214470945
214504540
214577257
214673494
214688078
214766019
214777460
214826834
214923217
214999821
215041365
215116197
215177195
215211927
215309716
215360092
215414141
215475656
215507685
215587470
215650370
215696406
215774639
215793698
215810231
215815810
215818713
215840420
215873539
215884144
215939337
216017296
216106633
216108806
216177523
216263636
216323466
216386653
216442525
216469779
216490395
216590353
216635839
216703309
216757512
216792479
216864977
216867246
216878286
216880418
216921881
216950139
217028842
217063760
217130079
217220031
217246069
217269905
217350767
217422620
217502455
217508397
217585967
217679852
217714766
217770434
217792521
217828903
217829365
217872221
217938821
217970536
218008165
218019157
218105020
218135198
218192698
218200881
218237162
218322679
218329482
218414573
218505466
218530677
218555147
218598026
218601887
218624509
218669823
218741611
218779411
218841095
218859938
218935472
219003975
219019916
219064363
219118324
219131560
219137327
219185107
219241048
219269148
219346155
219384926
219388605
219426330
219485670
219541963
219557263
219589643
219683312
219766280
219860774
219892694
219934139
219979046
220055218
220135800
220228938
220244598
220271400
220314167
220380912
220419319
220484641
220513767
220586753
220665692
220762372
220783016
220881315
220929155
221001443
221009239
221011009
221083277
221097715
221125781
221149608
221233706
221276727
221376299
221395961
221441416
221453073
221548399
221617482
221663354
221730365
221757669
221821904
221866366
221913557
222012932
222044638
222074334
222093164
222111140
222167874
222211966
222236466
222263071
222274057
222361489
222417237
222467834
222486466
222519479
222523038
222610330
222659024
222731937
222759120
222857715
222939705
223033340
223042514
223119090
223202911
223293396
223293870
223392708
223448265
223455997
223493578
223560965
223578896
223589782
223679093
223758284
223841585
223902219
223998127
224032695
224128025
224219664
224244555
224312629
224404161
224436349
224502475
224510892
224568803
224652679
224735180
224782694
224789435
224790483
224792901
224890608
224951728
224979502
225023390
225112726
225147481
225194103
225271630
225360724
225405560
225439922
225491014
225567456
225575594
225611663
225654067
225676982
225744082
225836582
225871669
225904459
225964079
226046876
226128179
226196532
226204939
226251803
226346203
226414929
226500209
226564103
226633454
226698304
226740111
226813003
226884413
226946490
226955182
226986144
227021875
227104615
227105102
227154191
227162055
227179359
227203637
227283405
227382708
227442583
227503653
227552944
227594258
227595934
227620164
227623816
227710599
227769474
227861678
227873210
227949534
228000013
228026947
228044319
228105212
228137794
228201427
228278269
228349708
228421342
228426930
228437445
228515974
228561276
228575689
228639247
228678494
228707425
228798040
228858545
228909583
228999206
229011283
229024795
229027566
229051772
229151607
229212106
229251516
229284298
229298881
229316674
229365669
229456033
229465222
229495587
229544080
229553689
229636990
229692207
229706446
229719717
229755769
229808699
229907354
229968982
229975228
230045096
230137648
230207569
230268550
230305228
230344179
230364948
230462377
230531712
230579163
230610698
230703637
230720181
230741587
230777868
230829598
230831220
230904058
230939785
230994931
231002693
231004137
231030531
231120405
231132542
231139042
231224865
231252864
231258430
231303852
231398059
231477743
231488698
231531782
231615050
231689820
231706491
231776809
231778752
231859375
231892704
231954593
231989569
232019819
232100764
232153340
232214103
232234774
232266132
232302873
232328103
232412602
232458566
232473124
232542794
232599279
232628862
232664964
232686171
232745648
232797619
232848883
232938375
232949901
232953965
233041140
233045061
233117143
233177832
233196050
233240393
233268960
233322337
233387084
233433313
233520863
233579430
233585150
233634673
233666266
233748540
233774555
233857829
233956508
234021453
234038740
234098618
234149086
234202308
234289078
234325208
234379575
234393390
234400747
234489218
234535045
234577324
234670842
234685066
234729543
234815098
234864476
234914861
234970426
234978594
235063864
235126498
235218131
235317850
235394907
235452385
235484042
235485975
235528697
235530958
235567578
235583341
235610953
235681950
235716022
235806162
235903146
235945854
236003117
236103093
236107693
236113945
236183417
236230235
236297187
236388111
236398995
236455841
236539240
236544192
236554161
236565184
236660652
236760437
236764155
236840265
236880032
236966276
237016491
237073175
237078937
237150538
237239825
237322796
237394693
237460555
237546224
237595699
237685532
237711829
237724309
237805572
237829858
237833361
237921574
238019353
238028728
238121781
238143945
238223547
238273453
238371800
238435781
238483847
238488391
238488666
238521988
238527898
238601115
238613738
238651253
238737372
238770152
238811578
238852487
238886873
238915380
238957770
238991589
239010384
239110208
239151123
239231896
239250036
239334325
239395310
239428672
239520501
239597365
239635920
239639494
239652273
239746040
239779821
239849812
239947316
240008040
240099075
240197787
240287902
240341157
240417405
240485917
240573043
240629146
240714189
240748719
240822424
240852277
240902274
240997258
241082465
241151612
241249142
241259751
241261250
241279916
241297147
241329168
241357105
241392022
241450833
241525528
241578826
241630525
241661941
241716045
241793091
241840373
241937966
241997463
242073025
242142183
242157471
242235659
242325216
242414831
242438306
242480777
242498964
242577238
242622920
242670451
242711731
242717282
242789809
242889005
242951786
243003758
243021088
243053608
243068283
243152916
243223814
243236353
243296104
243364234
243394669
243422839
243460017
243483189
243525333
243591045
243662659
243734474
243773806
243836094
243879580
243933955
243955362
244007770
244033590
244059252
244082933
244138938
244218071
244252381
244260364
244311497
244366817
244423520
244452501
244542710
244640209
244697769
244719990
244792358
244802308
244817104
244863420
244924698
245006963
245101355
245112769
245167320
245191644
245276591
245375449
245437918
245462961
245482463
245558395
245649322
245717062
245734007
245817620
245915081
245930916
245946757
246015243
246095549
246163219
246228471
246296385
246379642
246423674
246471384
246528171
246545469
246589670
246680765
246728377
246765927
246807332
246829127
246911156
246913641
246941010
246956938
247008639
247057724
247124106
247143904
247166809
247217915
247239738
247317678
247382928
247394359
247479340
247535387
247619243
247626047
247629967
247699333
247741759
247785701
247825029
247833513
247880752
247957660
247990651
248056654
248104625
248191278
248278914
248282186
248348657
248430586
248439365
248534754
248577922
248649712
248722989
248819945
248892388
248919895
248940407
248984549
249077756
249152508
249158819
249188757
249237950
249314014
249403887
249499402
249522154
249616098
249657023
249663986
249712343
249715124
249720626
249728285
249811178
249865726
249959502
250008457
250052977
250121925
250214794
250276849
250334487
250427702
250484111
250520438
250585137
250643454
250651699
250740654
250773892
250800813
250813867
250869617
250916782
250965022
251020226
251071191
251170868
251233646
251240852
251255976
251351793
251450072
251480753
251571857
251660042
251686737
251758134
251793645
251853145
251946325
251949313
252009427
252086980
252119425
252187858
252217457
252266473
252324056
252401835
252436288
252517592
252588967
252621686
252642079
252723465
252818252
252879378
252965712
253061015
253134849
253199079
253268152
253355569
253430900
253453867
253519419
253611730
253637517
253735483
253737541
253799302
253861868
253896553
253899474
253991354
254088224
254127598
254133231
254194993
254225846
254311599
254317805
254394855
254444122
254537580
254550092
254608677
254701167
254758877
254847301
254883472
254932056
255002706
255042084
255125046
255128097
255177479
255267019
255281798
255343682
255363305
255382137
255435416
255524735
255579477
255638517
255702264
255744684
255820839
255868905
255941557
256019885
256075152
256157370
256174286
256265596
256278985
256348171
256433748
256441736
256501404
256545392
256595071
256618090
256669463
256713810
256741530
256798254
256893139
256897815
256934782
256981774
257039469
257110388
257184214
257274852
257317876
257386785
257480618
257509944
257592661
257636124
257647262
257652722
257681689
257699917
257756212
257803876
257878412
257908929
257917284
257990363
257992038
258037957
258059933
258082999
258124434
258153156
258194842
258209195
258282280
258287499
258365668
258451915
258458542
258538758
258569302
258643155
258696168
258722953
258788305
258810711
258854302
258864233
258948485
258952035
259016342
259104261
259149482
259151205
259170694
259177149
259208975
259229567
259264445
259281806
259368432
259397663
259494510
259559357
259591456
259636756
259719065
259795090
259826223
259827903
259862006
259931308
259966837
260043858
260108076
260165330
260239503
260255483
260258080
260295365
260390855
260455741
260555012
260632737
260671349
260753521
260820960
260837553
260889854
260895740
260939291
260971329
260992249
261087865
261181806
261257644
261261255
261334517
261427926
261461271
261523507
261565069
261619598
261704278
261801244
261898950
261959825
262003131
262030910
262032071
262109600
262209550
262275813
262318067
262356624
262391237
262409633
262482518
262537855
262569273
262586832
262682980
262734864
262805272
262876348
262905955
262910110
262969061
263044687
263058713
263086283
263133424
263166389
263189344
263228667
263314173
263414167
263463732
263535585
263618247
263716632
263724898
263785564
263823543
263841736
263861209
263900007
263996796
264026115
264125125
264171493
264244027
264323000
264395394
264481270
264495097
264532244
264569572
264641712
264668037
264722509
264740606
264772488
264870793
264917358
264998373
265024571
265116622
265135684
265229271
265280124
265284367
265367916
265408193
265440335
265454046
265455369
265460936
265476426
265561680
265652130
265660417
265743014
265778272
265864232
265890158
265944825
266002770
266102005
266119032
266150184
266206096
266267430
266348898
266356925
266357091
266434760
266517692
266590923
266641741
266642312
266650356
266672714
266712252
266793451
266816837
266901845
266996451
267063072
267101415
267174494
267217627
267301592
267397618
267422434
267505923
267516448
267517112
267548295
267609820
267690494
267692699
267694744
267705532
267757420
267806880
267891615
267958166
268016703
268106087
268151029
268248181
268344928
268411674
268457597
268476611
268573414
268598785
268673907
268755467
268853871
268880217
268949630
268977389
269001037
269014999
269064186
269078869
269155100
269180397
269257250
269262156
269291684
269352906
269379545
269398951
269458948
269506360
269535449
269562751
269642557
269737058
269828400
269886934
269896226
269981846
270041520
270091033
270147030
270245493
270279122
270376013
270376412
270416783
270466031
270519530
270573367
270598589
270686403
270709855
270752458
270815980
270824262
270845714
270941948
270965068
271020638
271051894
271147009
271219489
271281007
271339914
271416897
271433614
271499524
271528294
271612109
271625487
271644487
271726408
271730477
271746878
271792963
271797488
271845986
271862222
271876950
271891107
271902579
271982838
272028856
272082733
272100346
272126963
272140590
272209333
272263627
272323526
272402786
272485792
272545234
272606494
272669003
272685448
272769147
272803809
272805052
272855430
272870435
272884514
272901804
272985652
273047630
273080228
273085859
273181282
273185610
273266950
273328453
273403989
273408943
273503668
273600471
273641729
273692073
273709944
273751063
273806611
273857787
273952698
273975337
274048320
274102750
274151609
274249959
274256577
274317049
274332682
274388480
274448301
274515794
274600694
274695335
274745241
274836189
274879069
274932141
274990620
275052539
275120212
275200082
275269785
275308136
275337589
275356302
275417505
275482284
275550769
275579157
275584113
275609712
275629165
275637610
275718718
275785444
275881124
275926831
276023926
276032808
276057244
276133872
276181750
276277039
276282819
276315117
276371214
276431802
276443144
276507662
276566253
276662110
276690422
276713342
276741750
276813682
276823186
276859018
276885778
276911005
276912613
276992921
277090912
277183766
277238272
277251398
277332632
277388281
277442427
277500108
277529425
277622751
277642507
277711447
277765259
277831490
277896046
277973775
278046100
278066192
278151781
278202387
278220950
278279735
278314076
278331432
278374254
278441127
278510445
278536397
278622547
278684586
278775627
278869809
278937986
278997088
279023311
279049980
279059793
279119625
279170236
279179139
279204406
279293773
279331230
279339745
279381331
279443515
279523503
279591925
279649964
279672303
279750072
279802112
279861096
279869667
279923478
279931929
279939779
279974456
280055781
280062563
280068332
280150361
280245671
280302687
280332253
280347105
280377941
280463506
280528412
280618372
280700900
280755466
280829313
280852454
280862356
280891426
280975138
281022626
281033763
281052042
281121419
281204205
281256177
281343807
281443368
281448269
281457884
281467928
281520014
281547475
281555046
281588427
281645985
281742701
281799455
281886981
281958346
282039587
282058372
282074681
282152478
282248345
282309160
282390068
282394989
282479336
282487984
282554757
282580696
282654389
282698425
282718408
282797631
282797633
282886703
282951264
282994261
283084209
283168005
283190123
283210343
283231660
283276433
283348597
283391931
283441038
283441467
283451343
283539422
283588813
283634187
283637595
283683493
283748452
283776248
283867892
283872575
283902793
283981846
284066651
284140916
284218342
284312151
284343781
284439843
284483062
284525049
284593459
284628006
284645659
284707914
284790292
284849876
284889215
284891480
284950802
285016707
285096752
285170924
285234299
285304683
285356289
285372395
285423825
285449577
285523059
285587590
285679389
285703098
285754616
285800308
285818239
285915315
285984675
286077789
286124196
286211645
286238634
286268604
286280342
286325984
286359891
286456657
286487152
286506437
286593317
286691933
286739352
286833443
286910850
286935703
287003223
287030157
287068782
287129213
287225894
287323170
287405538
287458664
287548458
287619132
287639085
287699624
287786907
287792384
287856934
287867067
287933338
287954534
287961546
288006036
288034178
288038743
288040075
288121199
288199289
288292757
288347618
288369048
288415347
288501505
288554652
288607915
288621449
288632550
288726706
288768673
288810928
288855565
288897350
288950237
288968085
288987482
289017677
289028421
289113060
289159610
289221742
289257073
289322711
289386658
289412091
289443082
289511890
289573969
289641660
289651465
289704238
289795070
289810223
289899571
289948349
290018972
290094829
290185238
290194866
290240082
290269225
290305811
290352577
290357562
290370894
290412514
290499399
290543658
290543982
290621039
290665120
290754509
290816403
290881853
290939922
290991726
291071523
291121023
291163714
291246403
291301529
291310989
291363116
291394940
291428044
291491765
291504704
291590430
291615450
291693971
291769694
291818394
291908817
291948283
291948592
291965385
292023983
292095428
292176148
292199882
292268675
292301257
292301781
292313810
292321200
292414377
292495064
292587224
292602197
292638623
292735871
292818278
292879740
292894929
292937844
292981351
293050489
293148471
293189340
293283687
293303231
293309407
293351873
293387481
293443329
293533925
293586690
293599051
293609963
293672782
293678669
293705016
293754368
293802366
293899283
293902654
293959122
294010565
294013257
294030749
294094911
294157660
294191290
294283522
294329815
294378933
294457769
294463400
294547604
294549950
294559557
294647325
294737069
294755344
294757916
294828495
294830336
294882839
294975481
295013359
295058472
295131396
295200441
295260805
295288823
295378324
295388882
295414350
295487607
295528734
295568187
295649418
295681950
295753872
295759563
295827087
295906667
295913759
296003566
296033462
296126021
296193779
296219154
296302646
296392496
296484102
296541269
296598103
296632822
296729582
296748872
296812688
296819272
296878250
296956594
297002340
297043161
297097495
297145477
297183597
297262270
297353685
297434529
297448591
297473129
297547255
297639872
297738564
297833657
297887740
297899604
297918962
298006396
298045547
298074136
298129880
298229463
298284482
298319543
298398119
298459120
298512262
298571520
298633279
298691855
298711680
298746114
298768587
298862310
298926754
298959495
299044655
299132299
299232265
299292875
299364231
299371677
299441546
299515652
299610419
299641914
299698595
299747776
299843820
299862017
299862118
299923587
299933589
300014967
300050617
300122784
300203559
300261915
300344369
300418611
300497562
300573225
300629695
300690316
300708083
300726796
300820977
300877259
300947046
301019766
301059883
301088772
301149875
301249839
301259928
301355411
301400839
301450977
301468152
301496574
301546629
301641453
301703971
301709793
301770524
301826799
301840906
301911337
301953604
301993172
301999229
302022518
302086764
302145072
302161065
302219736
302271335
302334858
302381562
302420954
302433831
302522789
302533894
302624051
302658190
302683302
302757387
302824415
302860269
302920697
302927030
303008936
303033922
303048791
303140905
303154232
303154287
303231864
303316419
303334996
303382251
303450960
303520514
303565203
303566663
303595809
303637453
303643149
303662792
303703576
303725249
303776980
303784774
303793651
303867128
303875420
303907504
303973129
304054013
304117659
304217420
304224327
304280626
304285666
304359031
304449649
304516539
304583482
304645108
304734311
304738752
304791591
304841641
304933649
304978808
305050292
305139721
305147557
305173770
305221123
305293695
305357962
305452440
305512761
305572077
305649083
305673984
305753613
305815149
305896304
305986323
305995010
306009093
306087764
306132435
306156344
306196905
306277525
306374945
306447759
306531886
306582738
306586607
306604816
306668153
306764835
306790756
306835150
306898365
306935387
307002606
307051654
307138337
307191047
307247327
307316379
307354669
307443302
307453687
307518319
307522347
307603966
307624375
307704800
307725023
307792638
307803880
307876707
307876726
307959042
308033355
308053063
308113776
308166718
308186749
308243096
308246063
308298079
308311641
308353749
308416560
308474673
308506541
308588422
308615175
308628128
308685472
308705686
308723111
308772593
308832484
308850281
308888820
308912340
308993444
309000804
309024526
309058199
309102952
309140752
309162223
309252147
309320894
309414184
309439071
309523040
309583765
309678779
309699645
309735468
309757696
309821349
309914799
310013278
310113172
310157785
310245842
310336845
310393416
310483285
310533961
310575173
310665970
310725345
310797304
310822914
310855933
310945415
310959116
311016072
311040800
311095514
311146238
311199709
311201329
311277632
311300455
311350116
311425921
311458650
311524837
311612188
311630913
311671719
311727730
311747494
311844248
311883556
311934257
312003718
312094110
312151657
312247443
312268807
312362495
312375114
312458266
312539538
312539640
312541708
312572441
312652095
312694784
312716239
312738643
312794803
312866824
312949274
312995788
313006341
313106141
313106508
313198967
313217361
313298003
313327375
313364157
313462837
313504865
313513572
313524019
313556119
313617222
313653032
313743818
313821176
313839112
313855603
313869825
313881844
313919313
313983446
314031431
314081047
314170979
314177912
314247250
314296989
314380189
314437488
314481880
314546231
314560211
314582754
314614708
314629873
314677125
314747632
314843982
314936433
315026581
315073642
315159221
315187739
315285064
315369813
315448373
315537988
315616252
315683241
315692535
315716236
315757484
315765813
315807739
315883332
315902293
315989451
316037391
316060545
316153792
316191958
316250325
316264366
316280662
316304413
316325310
316376416
316397940
316409678
316487463
316489589
316588180
316681829
316716528
316757671
316800406
316849104
316896464
316922081
316960728
316987482
317035883
317082858
317095634
317128105
317172214
317175309
317217030
317316972
317384055
317404917
317444719
317480479
317532017
317552927
317610032
317627370
317697598
317707049
317761562
317774403
317853956
317944114
318002815
318005676
318046965
318093304
318149482
318234850
318327063
318415181
318422613
318491126
318530059
318603342
318631357
318646566
318693574
318696735
318734556
318820578
318869890
318911176
318972013
318975917
319071545
319102903
319136806
319207553
319292375
319362443
319405203
319492357
319516033
319584107
319681028
319734388
319811011
319839862
319902638
319937728
320015179
320086728
320151754
320196153
320230398
320324863
320339772
320388498
320429333
320478773
320519294
320588537
320593863
320683343
320712132
320801753
320825170
320833539
320833993
320901465
320987408
321019989
321087449
321164874
321204209
321233726
321235016
321315058
321356283
321414542
321479650
321558046
321609097
321639346
321685294
321755189
321797459
321829380
321928071
321984611
322039328
322122553
322134244
322224207
322293194
322316107
322414380
322425354
322472930
322510729
322595122
322615120
322616169
322671192
322710809
322741278
322789376
322876543
322940798
322958217
323029461
323108340
323147492
323215860
323254096
323328551
323410377
323462480
323500368
323526840
323563697
323634438
323727487
323752189
323757639
323844128
323940429
323999715
324031303
324088323
324125516
324170166
324229160
324289539
324378169
324412314
324473652
324529206
324547067
324619242
324716244
324785262
324827328
324902918
324952673
324974705
324982345
325025612
325054537
325072997
325073075
325154924
325179474
325232491
325252310
325323934
325362715
325367792
325419230
325493799
325573002
325577294
325646346
325658054
325754237
325817041
325908784
325933522
325939845
326014510
326097718
326186351
326191786
326275850
326290589
326376490
326402451
326467510
326564389
326652993
326672170
326726973
326744821
326837649
326921718
326941258
326974960
327043320
327060804
327124103
327166965
327195963
327207007
327263012
327349900
327371520
327422817
327511996
327523863
327530408
327556478
327569450
327607480
327675275
327772312
327793203
327889930
327923980
327955765
327963420
328016907
328088563
328115593
328185586
328271808
328275770
328285143
328300344
328316444
328405740
328435401
328453885
328495479
328515657
328562359
328657348
328670391
328734864
328778141
328813374
328815611
328880666
328909118
328958107
329006205
329104723
329155792
329212258
329220321
329294276
329360503
329418805
329508094
329512295
329537267
329596327
329693080
329715379
329727669
329794884
329832376
329860478
329952716
329980397
330044105
330080377
330179881
330241975
330266695
330292226
330312599
330312711
330346488
330392758
330486826
330544745
330590313
330662671
330682803
330715867
330726452
330752306
330758543
330818298
330912276
330922063
330955498
331015286
331074131
331126522
331200287
331233784
331315896
331375900
331461709
331500775
331537679
331616326
331624194
331629014
331705497
331732240
331736979
331765155
331799194
331816145
331893066
331973636
332044289
332056018
332153918
332182302
332195428
332290711
332311736
332392707
332426972
332491758
332502249
332593365
332632904
332633595
332644158
332729807
332816155
332832200
332923566
332924371
332927118
333021397
333082583
333101966
333188577
333239642
333281437
333322977
333371504
333429890
333431680
333466587
333523736
333546423
333615205
333636440
333711840
333713539
333799891
333892564
333965110
334054148
334087207
334170346
334259348
334270678
334341947
334436811
334525818
334573264
334632295
334686257
334736413
334744394
334777278
334815263
334822743
334919400
335009684
335098584
335181177
335265068
335275298
335285231
335335572
335410132
335479067
335514767
335612877
335614154
335630471
335698780
335720937
335725135
335744640
335816714
335841675
335910733
335989198
335990996
336047370
336050812
336078383
336169607
336262962
336282670
336347294
336352100
336425587
336488563
336527112
336539156
336599454
336685571
336718522
336728196
336808347
336824530
336874430
336919835
336994971
337009029
337105465
337121677
337169919
337219311
337290060
337305907
337398950
337417080
337451302
337495483
337499487
337503586
337584200
337623249
337690217
337741172
337768124
337867578
337875100
337922658
338002744
338029791
338063761
338122332
338192103
338244364
338289673
338302376
338336275
338423570
338448964
338508224
338568278
338595736
338690852
338700459
338726455
338796582
338805448
338885043
338916381
338964474
339012897
339027852
339054781
339126268
339178729
339277030
339354853
339364517
339412029
339454025
339484714
339558504
339574010
339671706
339676626
339773625
339806172
339848478
339856849
339908319
339915309
339934978
339937850
339938328
340033276
340059982
340080122
340174765
340265136
340343597
340371224
340400183
340419756
340458865
340506037
340530817
340534100
340567485
340580522
340670953
340730630
340819833
340833062
340882710
340965455
341007645
341060800
341112841
341175929
341189731
341252002
341312400
341315493
341403921
341464026
341466701
341484238
341542636
341566270
341651163
341729933
341819513
341887163
341941640
341973036
341973790
342018134
342082559
342131631
342207309
342237396
342312164
342411118
342510196
342590494
342668416
342686302
342726756
342753910
342809446
342868734
342953629
343009439
343059130
343117200
343209670
343215478
343293391
343372994
343404587
343456338
343478212
343545027
343568111
343624525
343689382
343703016
343723911
343726080
343808044
343819114
343838025
343876251
343920425
343966617
343993057
344086198
344126965
344185361
344208568
344235153
344323721
344351526
344407635
344431254
344490826
344585776
344599836
344631576
344697651
344754975
344802582
344849283
344934086
345002684
345063551
345089136
345110021
345173127
345234320
345334247
345361996
345400875
345440270
345485425
345521447
345604714
345697158
345717189
345780377
345873520
345906852
345959873
346047264
346056974
346070615
346149560
346207094
346278486
346283100
346326599
346402481
346442421
346461208
346464177
346488253
346527809
346603653
346621643
346716358
346775146
346872925
346950057
347028213
347124354
347203416
347254766
347261663
347342730
347401752
347401944
347468486
347550758
347556030
347649780
347703612
347725421
347819399
347824852
347911432
347912102
347976904
348040933
348121353
348214649
348311281
348385119
348402347
348448263
348513469
348534196
348596310
348652200
348654313
348709370
348711862
348775775
348825777
348909866
348963758
349055079
349086691
349122110
349220398
349307068
349328059
349367510
349411499
349483515
349507710
349598929
349679600
349759045
349783454
349868862
349926247
349994527
350012275
350020173
350086533
350091327
350098138
350102808
350148067
350186500
350235982
350267266
350329121
350372102
350395307
350441213
350500582
350565398
350613013
350654099
350660510
350706680
350759173
350854511
350942616
350950550
350991236
351085099
351103890
351118483
351214357
351270395
351343560
351368886
351438239
351505057
351515320
351587063
351645079
351725763
351749877
351816622
351883283
351926587
351989186
352074120
352116057
352199206
352297362
352395606
352485955
352536614
352561723
352600968
352640867
352735398
352738529
352787235
352871752
352964177
353007622
353026539
353095723
353154093
353219863
353230913
353309327
353398138
353451988
353476071
353534993
353538649
353608160
353625033
353686650
353701365
353717603
353734067
353793378
353876810
353907276
353921722
353938798
353959314
353984886
354081941
354179735
354246033
354284207
354329572
354421066
354515563
354557555
354583820
354629964
354635094
354653210
354663822
354673439
354754742
354832519
354892719
354966457
355058565
355123094
355188491
355286523
355311642
355371496
355431833
355528526
355545474
355568217
355620083
355621170
355669002
355680655
355681243
355779155
355792875
355870460
355959687
356011630
356102134
356195737
356202664
356241893
356284716
356380622
356463879
356545830
356636450
356660659
356751618
356773005
356819263
356819583
356892518
356909920
356997035
357035553
357057615
357072815
357122149
357180891
357273937
357295219
357394308
357428293
357459967
357491093
357574693
357659855
357723269
357771414
357863170
357897479
357962058
357973026
357998517
358021238
358062532
358134804
358227972
358318711
358329566
358379363
358479243
358538291
358613652
358699373
358724204
358785019
358821049
358857142
358917173
359005871
359070395
359134441
359201943
359229785
359296400
359396278
359434719
359475983
359541955
359593597
359639364
359738041
359756141
359780116
359880011
359971410
359993805
360088924
360096347
360161461
360195586
360214267
360311442
360382412
360418898
360447362
360480121
360522034
360548507
360636074
360656812
360721653
360732414
360768463
360777145
360783397
360881160
360907297
360978444
361009377
361025077
361030212
361044529
361140440
361175708
361270203
361277400
361360613
361419648
361514124
361588111
361589942
361653214
361692791
361741513
361747164
361831490
361917799
362015043
362032033
362051063
362149925
362210963
362297534
362334860
362410264
362509575
362533713
362577037
362654693
362720541
362749325
362758513
362834529
362867386
362887597
362894620
362964483
362972704
363040526
363051465
363074115
363154749
363227651
363257751
363313021
363373947
363401038
363406265
363453942
363526474
363549863
363630524
363651201
363704752
363743351
363797050
363875080
363922068
363923751
363933264
364032677
364086041
364133294
364176887
364239327
364256289
364268335
364362282
364449345
364548713
364551769
364621905
364664154
364692501
364741497
364838688
364876056
364939771
365015561
365093174
365156645
365215638
365284547
365360307
365441081
365525222
365576361
365670340
365681562
365733614
365766932
365833077
365838592
365930811
365972830
366072078
366111821
366135894
366187994
366219625
366291478
366308135
366326475
366381675
366453435
366527591
366529296
366608857
366611698
366633303
366682527
366693313
366736947
366815582
366913835
366933704
366952213
366956609
367040578
367049425
367117362
367190331
367242057
367316424
367405180
367448939
367473427
367486146
367502219
367597053
367644374
367663397
367762701
367800137
367892868
367954394
368019940
368104881
368183391
368251002
368284849
368317734
368343684
368372610
368411909
368481522
368559992
368598294
368675891
368677355
368693315
368743595
368757799
368825645
368895128
368990682
369036225
369054171
369110856
369148031
369161149
369190688
369258623
369293732
369376735
369386512
369433734
369532710
369577507
369651839
369694677
369752531
369788026
369882925
369908830
369988287
370021985
370102038
370154047
370239151
370332049
370394012
370481103
370519176
370578819
370640885
370658315
370723412
370765063
370848576
370859668
370946855
370961900
371060613
371127619
371134358
371181695
371281245
371349175
371363594
371423028
371447227
371515502
371559839
371652455
371745039
371803331
371880297
371887892
371972014
372070921
372081502
372150801
372244592
372301304
372363448
372383906
372482947
372529840
372617858
372645403
372701767
372793002
372818216
372883581
372909036
373006834
373009913
373063213
373070614
373165351
373183583
373278827
373369334
373383845
373444829
373446740
373480580
373505871
373593246
373671657
373683857
373735368
373781158
373828694
373871611
373934192
373967549
373995428
373995747
374018847
374084261
374176752
374243310
374296242
374351281
374416171
374500112
374544242
374602069
374676409
374703480
374803005
374876450
374929163
374966533
374981220
374981639
375010405
375074862
375124380
375169107
375176468
375264340
375360443
375427440
375497767
375587766
375636359
375735841
375802015
375863594
375878277
375939110
376035594
376064096
376126286
376197182
376283660
376338038
376410232
376467879
376547867
376565842
376647148
376741595
376793366
376810233
376901302
376957935
377057620
377154017
377201660
377245193
377302058
377336173
377374011
377428460
377446612
377449846
377542950
377552716
377649597
377689687
377694476
377710440
377779269
377797500
377832463
377929359
377969132
378059965
378096198
378115754
378123268
378176992
378213451
378262905
378339398
378361479
378449558
378536321
378543581
378618721
378629076
378665757
378740310
378833762
378909417
379006735
379047213
379090081
379159493
379210484
379234152
379238603
379276267
379277711
379349305
379440520
379520401
379534151
379551284
379634200
379688656
379727094
379814372
379859253
379887744
379897980
379934064
379937744
379998882
380094623
380171339
380201120
380232152
380264790
380350404
380442172
380535511
380544742
380609091
380693102
380721130
380774697
380856904
380926006
380990680
381059220
381155231
381201651
381222270
381298785
381345264
381403530
381411916
381443752
381525157
381529532
381562487
381565824
381594953
381647374
381743258
381769602
381826335
381840464
381935200
381969497
382022957
382087879
382109846
382114700
382209992
382291689
382361454
382381222
382386036
382404642
382503168
382601923
382636027
382648038
382728574
382749717
382798275
382869850
382925273
382984457
383015047
383059821
383112814
383130966
383222971
383258553
383353958
383397061
383397671
383477416
383501119
383574470
383624563
383669347
383731186
383753712
383836063
383906243
383910077
383947833
384027103
384067553
384134255
384147886
384160272
384163559
384216946
384258983
384267678
384279839
384294251
384297881
384322552
384339731
384381143
384462817
384528916
384568999
384665231
384721143
384764982
384853334
384921728
384932772
385029711
385104199
385175952
385196842
385292317
385390355
385405113
385412603
385486035
385557531
385657138
385741914
385818939
385891774
385918185
385957822
386047223
386052450
386117170
386211498
386224019
386300114
386349892
386442336
386452700
386483439
386573224
386586709
386651227
386661585
386747486
386756290
386845260
386882053
386923374
387021913
387090062
387110833
387150852
387221162
387224606
387303947
387340443
387364917
387399323
387466440
387513415
387595678
387638788
387718821
387732932
387802710
387846210
387867317
387958869
387986806
388003319
388027736
388038649
388091601
388142117
388172698
388232154
388243114
388247684
388345867
388420702
388468735
388535451
388597614
388650800
388696756
388772598
388801487
388878889
388902741
388970413
389042228
389077468
389084287
389128966
389130119
389176975
389177025
389238189
389337483
389376927
389393057
389476256
389557045
389609334
389633719
389661294
389750116
389838282
389842160
389897301
389906230
389937599
390030202
390032871
390083896
390135935
390194604
390231312
390321705
390408558
390447293
390523033
390586919
390616716
390666280
390733146
390760634
390851854
390853501
390938252
391031484
391047298
391098538
391194266
391207054
391276814
391345131
391412269
391506093
391548948
391636425
391689298
391749490
391801788
391873084
391904449
391911531
391955739
392041220
392067331
392162078
392255145
392346028
392438516
392519438
392527107
392591181
392595694
392624182
392706049
392802678
392890410
392972531
393069838
393091435
393171463
393245346
393249809
393342712
393346101
393363203
393371065
393444676
393473753
393549305
393557855
393591132
393667569
393763648
393765045
393842925
393881770
393889143
393958780
393991548
394083044
394175284
394201697
394274375
394373953
394402775
394450346
394458697
394535804
394540054
394558550
394592165
394654316
394686196
394780389
394862118
394940880
394996962
395046760
395065531
395132150
395170574
395226996
395316787
395372784
395469333
395475515
395502658
395577807
395593432
395613984
395701533
395753955
395807409
395897912
395907216
395916539
396014486
396080835
396143455
396149433
396239713
396268158
396350553
396399221
396455163
396481998
396482748
396519206
396572506
396608875
396663870
396687486
396776317
396823657
396840501
396853021
396932835
396949668
396956379
396972745
397027145
397064805
397140850
397232800
397299002
397350475
397379366
397394202
397473038
397517587
397545578
397607408
397607682
397697680
397770678
397784309
397808984
397908713
397934998
397946517
397979554
398025446
398097352
398111778
398151135
398240033
398271232
398349606
398369700
398404609
398496828
398547932
398582830
398649902
398749845
398766228
398815260
398882406
398906403
398971913
398995432
399090395
399097693
399116385
399133619
399184611
399197607
399218243
399225303
399275445
399298254
399308952
399321288
399373234
399434640
399505897
399603183
399676413
399769871
399817550
399883646
399930929
399941140
400018675
400029600
400060704
400081185
400094220
400095213
400175584
400245415
400328026
400361299
400411082
400494160
400517096
400572630
400591234
400661322
400734742
400756012
400839870
400918867
401005517
401095276
401150899
401214320
401308215
401308606
401385007
401458642
401470293
401546863
401611297
401706784
401789235
401808363
401891259
401987149
402066737
402133350
402149558
402180118
402262131
402345504
402360321
402386914
402436757
402476988
402491866
402580238
402599617
402635438
402654541
402702397
402781941
402783209
402853611
402939190
402997495
403093746
403184583
403199922
403212033
403291030
403320965
403340017
403397395
403425496
403492022
403549416
403643000
403741905
403789026
403813939
403894635
403906769
403978070
404063232
404087470
404183023
404236424
404319985
404418621
404445985
404500819
404592195
404673740
404773071
404801952
404876831
404971590
405028502
405105467
405164512
405241008
405330327
405341100
405344057
405432652
405508567
405528687
405581053
405640546
405697396
405735504
405805602
405843261
405868444
405962032
406040111
406063355
406158976
406228652
406235097
406329882
406426637
406482658
406564559
406650599
406651298
406719546
406769831
406804538
406827840
406893427
406967354
407030520
407097001
407188962
407223844
407247601
407255688
407355288
407388053
407404678
407406692
407500691
407538562
407555925
407655239
407728111
407816635
407868912
407937569
407984600
408040151
408130688
408201635
408222901
408267569
408357893
408430958
408468799
408563520
408623781
408640570
408684436
408766047
408812164
408847585
408866850
408901834
408970698
409006858
409045604
409125344
409191006
409229194
409297569
409340197
409431783
409530903
409571719
409606886
409622048
409634184
409678424
409741155
409832288
409864014
409950148
409983163
410081488
410124077
410139923
410150776
410175474
410201657
410228440
410271864
410331905
410426131
410436031
410534732
410538481
410585409
410663603
410683682
410733012
410747654
410753718
410762030
410770650
410850137
410902099
410938734
411013448
411086617
411119596
411145293
411228553
411253513
411277702
411350871
411387301
411449571
411520311
411539395
411599217
411663536
411740938
411809492
411897658
411909068
411921696
411946867
412028545
412094553
412154549
412213260
412298962
412373865
412441702
412525395
412552448
412574379
412641901
